snail
500.853589 477.000000 | 0 | img/RSnail.png
piranha
guppy
394.197479 335.447032 | 146 | 0 | 2.036186 | 1.363854 | img/LGuppy2.png | 2 | 2 | 5.010228 | 184 | 0
395.569775 465.529206 | 56 | 0 | 4.110083 | 1.089964 | img/RGuppy2.png | 2 | 1 | 5.125635 | 161 | 0
269.924034 167.929021 | 351 | 0 | 1.795824 | 4.004176 | img/RGuppy1.png | 1 | 1 | 7.795826 | 174 | 0
233.450420 345.181611 | 7 | 1 | 7.130859 | 1.669142 | img/RHungryGuppy1.png | 1 | 0 | 7.130859 | 181 | 0
189.529234 142.173872 | 7 | 1 | 6.576993 | 0.423008 | img/RHungryGuppy1.png | 1 | 0 | 6.576993 | 171 | 0
329.153965 322.807763 | 32 | 0 | 5.549493 | 0.550509 | img/RGuppy1.png | 1 | 0 | 5.549495 | 229 | 0
food
374.000000 377.622268 | 270 | img/food-3.png | 0.131126
301.000000 353.670933 | 270 | img/food-9.png | 0.433547
405.000000 267.325265 | 270 | img/food-3.png | 0.116263
301.000000 157.701559 | 270 | img/food-3.png | 0.135078
493.000000 142.256474 | 270 | img/food-8.png | 0.362825
350.000000 123.319189 | 270 | img/food-9.png | 0.415959
coin
553.573303 448.540767 | 270 | img/coin-1.png | 0.013752 | 80
536.268779 302.962043 | 270 | img/coin-1.png | 0.013956 | 80
account
19620 | 0 | img/egg1.png
