snail
207.087877 477.000000 | 0 | img/RSnail.png
piranha
399.351663 251.607474 | 265 | 0 | 3.649880 | 3.350117 | img/LPiranha.png | 187 | 0
guppy
287.945395 115.726747 | 96 | 0 | 2.183883 | 1.316953 | img/LGuppy1.png | 1 | 1 | 3.809075 | 146 | 0
289.111476 177.925324 | 178 | 0 | 4.877273 | 0.500602 | img/LGuppy1.png | 1 | 1 | 3.799471 | 148 | 0
429.531745 204.023973 | 31 | 0 | 5.183788 | 1.416213 | img/RGuppy1.png | 1 | 0 | 5.183789 | 221 | 0
food
338.000000 137.162505 | 270 | img/food-3.png | 0.108162
coin
190.551128 204.135267 | 270 | img/coin-7.png | 0.310719 | 40
477.621867 256.324217 | 270 | img/coin-7.png | 0.300915 | 40
account
19570 | 0 | img/egg1.png
